14-Mar-20,0,0,0,0,0,0
15-Mar-20,0,0,0,0,0,0
16-Mar-20,0,0,0,0,0,0
17-Mar-20,0,0,0,0,0,0
18-Mar-20,0,0,0,0,0,0
19-Mar-20,0,0,0,0,0,0
20-Mar-20,4,4,0,0,0,0
21-Mar-20,0,4,0,0,0,0
22-Mar-20,2,6,0,0,0,0
23-Mar-20,0,6,0,0,0,0
24-Mar-20,1,7,0,0,0,0
25-Mar-20,8,15,1,1,0,0
26-Mar-20,5,20,0,1,0,0
27-Mar-20,9,29,1,2,0,0
28-Mar-20,10,39,0,2,0,0
29-Mar-20,0,39,0,2,0,0
30-Mar-20,8,47,2,4,0,0
31-Mar-20,19,66,1,5,0,0
01-Apr-20,32,98,1,6,0,0
02-Apr-20,9,107,2,8,0,0
03-Apr-20,47,154,0,8,0,0
04-Apr-20,25,179,3,11,0,0
05-Apr-20,14,193,2,13,3,3
06-Apr-20,63,256,2,15,8,11
07-Apr-20,34,290,6,21,10,21
08-Apr-20,51,341,3,24,4,25
09-Apr-20,70,411,9,33,0,25
10-Apr-20,40,451,4,37,12,37
11-Apr-20,78,529,4,41,1,38
